{
 "cells": [
  {
   "cell_type": "markdown",
   "metadata": {},
   "source": [
    "# Practice Exercise - Linear Regression"
   ]
  },
  {
   "cell_type": "markdown",
   "metadata": {},
   "source": [
    "### Problem Statement\n",
    "\n",
    "The problem at hand is to predict the housing prices of a town or a suburb based on the features of the locality provided to us. In the process, we need to identify the most important features in the dataset. We need to employ techniques of data preprocessing and build a linear regression model that predicts the prices for us. \n",
    "\n",
    "### Data Information\n",
    "\n",
    "Each record in the database describes a Boston suburb or town. The data was drawn from the Boston Standard Metropolitan Statistical Area (SMSA) in 1970. Detailed attribute information can be found below-\n",
    "\n",
    "Attribute Information (in order):\n",
    "- CRIM: per capita crime rate by town\n",
    "- ZN: proportion of residential land zoned for lots over 25,000 sq. ft.\n",
    "- INDUS: proportion of non-retail business acres per town\n",
    "- CHAS: Charles River dummy variable (= 1 if tract bounds river; 0 otherwise)\n",
    "- NOX: nitric oxides concentration (parts per 10 million)\n",
    "- RM: average number of rooms per dwelling\n",
    "- AGE: proportion of owner-occupied units built prior to 1940\n",
    "- DIS: weighted distances to five Boston employment centers\n",
    "- RAD: index of accessibility to radial highways\n",
    "- TAX: full-value property-tax rate per 10,000 dollars\n",
    "- PTRATIO: pupil-teacher ratio by town\n",
    "- LSTAT: %lower status of the population\n",
    "- MEDV: Median value of owner-occupied homes in 1000 dollars."
   ]
  },
  {
   "cell_type": "markdown",
   "metadata": {},
   "source": [
    "### Import Necessary Libraries"
   ]
  },
  {
   "cell_type": "code",
   "execution_count": 2,
   "metadata": {},
   "outputs": [],
   "source": [
    "#Import Packages\n",
    "\n",
    "import pandas as pd\n",
    "import numpy as np\n",
    "import matplotlib.pyplot as plt\n",
    "import seaborn as sns\n",
    "\n",
    "%matplotlib inline\n",
    "\n",
    "\n",
    "# Training set and Testing Set \n",
    "from sklearn.model_selection import train_test_split\n",
    "# Import Training Model\n",
    "from sklearn.linear_model import LinearRegression"
   ]
  },
  {
   "cell_type": "markdown",
   "metadata": {},
   "source": [
    "### Load the dataset"
   ]
  },
  {
   "cell_type": "code",
   "execution_count": 7,
   "metadata": {},
   "outputs": [
    {
     "data": {
      "text/html": [
       "<div>\n",
       "<style scoped>\n",
       "    .dataframe tbody tr th:only-of-type {\n",
       "        vertical-align: middle;\n",
       "    }\n",
       "\n",
       "    .dataframe tbody tr th {\n",
       "        vertical-align: top;\n",
       "    }\n",
       "\n",
       "    .dataframe thead th {\n",
       "        text-align: right;\n",
       "    }\n",
       "</style>\n",
       "<table border=\"1\" class=\"dataframe\">\n",
       "  <thead>\n",
       "    <tr style=\"text-align: right;\">\n",
       "      <th></th>\n",
       "      <th>CRIM</th>\n",
       "      <th>ZN</th>\n",
       "      <th>INDUS</th>\n",
       "      <th>CHAS</th>\n",
       "      <th>NX</th>\n",
       "      <th>RM</th>\n",
       "      <th>AGE</th>\n",
       "      <th>DIS</th>\n",
       "      <th>RAD</th>\n",
       "      <th>TAX</th>\n",
       "      <th>PTRATIO</th>\n",
       "      <th>LSTAT</th>\n",
       "      <th>MEDV</th>\n",
       "    </tr>\n",
       "  </thead>\n",
       "  <tbody>\n",
       "    <tr>\n",
       "      <th>74</th>\n",
       "      <td>0.07896</td>\n",
       "      <td>0.0</td>\n",
       "      <td>12.83</td>\n",
       "      <td>0</td>\n",
       "      <td>0.437</td>\n",
       "      <td>6.273</td>\n",
       "      <td>6.0</td>\n",
       "      <td>4.2515</td>\n",
       "      <td>5</td>\n",
       "      <td>398</td>\n",
       "      <td>18.7</td>\n",
       "      <td>6.78</td>\n",
       "      <td>24.1</td>\n",
       "    </tr>\n",
       "    <tr>\n",
       "      <th>66</th>\n",
       "      <td>0.04379</td>\n",
       "      <td>80.0</td>\n",
       "      <td>3.37</td>\n",
       "      <td>0</td>\n",
       "      <td>0.398</td>\n",
       "      <td>5.787</td>\n",
       "      <td>31.1</td>\n",
       "      <td>6.6115</td>\n",
       "      <td>4</td>\n",
       "      <td>337</td>\n",
       "      <td>16.1</td>\n",
       "      <td>10.24</td>\n",
       "      <td>19.4</td>\n",
       "    </tr>\n",
       "    <tr>\n",
       "      <th>309</th>\n",
       "      <td>0.34940</td>\n",
       "      <td>0.0</td>\n",
       "      <td>9.90</td>\n",
       "      <td>0</td>\n",
       "      <td>0.544</td>\n",
       "      <td>5.972</td>\n",
       "      <td>76.7</td>\n",
       "      <td>3.1025</td>\n",
       "      <td>4</td>\n",
       "      <td>304</td>\n",
       "      <td>18.4</td>\n",
       "      <td>9.97</td>\n",
       "      <td>20.3</td>\n",
       "    </tr>\n",
       "    <tr>\n",
       "      <th>315</th>\n",
       "      <td>0.25356</td>\n",
       "      <td>0.0</td>\n",
       "      <td>9.90</td>\n",
       "      <td>0</td>\n",
       "      <td>0.544</td>\n",
       "      <td>5.705</td>\n",
       "      <td>77.7</td>\n",
       "      <td>3.9450</td>\n",
       "      <td>4</td>\n",
       "      <td>304</td>\n",
       "      <td>18.4</td>\n",
       "      <td>11.50</td>\n",
       "      <td>16.2</td>\n",
       "    </tr>\n",
       "    <tr>\n",
       "      <th>211</th>\n",
       "      <td>0.37578</td>\n",
       "      <td>0.0</td>\n",
       "      <td>10.59</td>\n",
       "      <td>1</td>\n",
       "      <td>0.489</td>\n",
       "      <td>5.404</td>\n",
       "      <td>88.6</td>\n",
       "      <td>3.6650</td>\n",
       "      <td>4</td>\n",
       "      <td>277</td>\n",
       "      <td>18.6</td>\n",
       "      <td>23.98</td>\n",
       "      <td>19.3</td>\n",
       "    </tr>\n",
       "    <tr>\n",
       "      <th>100</th>\n",
       "      <td>0.14866</td>\n",
       "      <td>0.0</td>\n",
       "      <td>8.56</td>\n",
       "      <td>0</td>\n",
       "      <td>0.520</td>\n",
       "      <td>6.727</td>\n",
       "      <td>79.9</td>\n",
       "      <td>2.7778</td>\n",
       "      <td>5</td>\n",
       "      <td>384</td>\n",
       "      <td>20.9</td>\n",
       "      <td>9.42</td>\n",
       "      <td>27.5</td>\n",
       "    </tr>\n",
       "    <tr>\n",
       "      <th>56</th>\n",
       "      <td>0.02055</td>\n",
       "      <td>85.0</td>\n",
       "      <td>0.74</td>\n",
       "      <td>0</td>\n",
       "      <td>0.410</td>\n",
       "      <td>6.383</td>\n",
       "      <td>35.7</td>\n",
       "      <td>9.1876</td>\n",
       "      <td>2</td>\n",
       "      <td>313</td>\n",
       "      <td>17.3</td>\n",
       "      <td>5.77</td>\n",
       "      <td>24.7</td>\n",
       "    </tr>\n",
       "    <tr>\n",
       "      <th>324</th>\n",
       "      <td>0.34109</td>\n",
       "      <td>0.0</td>\n",
       "      <td>7.38</td>\n",
       "      <td>0</td>\n",
       "      <td>0.493</td>\n",
       "      <td>6.415</td>\n",
       "      <td>40.1</td>\n",
       "      <td>4.7211</td>\n",
       "      <td>5</td>\n",
       "      <td>287</td>\n",
       "      <td>19.6</td>\n",
       "      <td>6.12</td>\n",
       "      <td>25.0</td>\n",
       "    </tr>\n",
       "    <tr>\n",
       "      <th>467</th>\n",
       "      <td>4.42228</td>\n",
       "      <td>0.0</td>\n",
       "      <td>18.10</td>\n",
       "      <td>0</td>\n",
       "      <td>0.584</td>\n",
       "      <td>6.003</td>\n",
       "      <td>94.5</td>\n",
       "      <td>2.5403</td>\n",
       "      <td>24</td>\n",
       "      <td>666</td>\n",
       "      <td>20.2</td>\n",
       "      <td>21.32</td>\n",
       "      <td>19.1</td>\n",
       "    </tr>\n",
       "    <tr>\n",
       "      <th>248</th>\n",
       "      <td>0.16439</td>\n",
       "      <td>22.0</td>\n",
       "      <td>5.86</td>\n",
       "      <td>0</td>\n",
       "      <td>0.431</td>\n",
       "      <td>6.433</td>\n",
       "      <td>49.1</td>\n",
       "      <td>7.8265</td>\n",
       "      <td>7</td>\n",
       "      <td>330</td>\n",
       "      <td>19.1</td>\n",
       "      <td>9.52</td>\n",
       "      <td>24.5</td>\n",
       "    </tr>\n",
       "  </tbody>\n",
       "</table>\n",
       "</div>"
      ],
      "text/plain": [
       "        CRIM    ZN  INDUS  CHAS     NX     RM   AGE     DIS  RAD  TAX  \\\n",
       "74   0.07896   0.0  12.83     0  0.437  6.273   6.0  4.2515    5  398   \n",
       "66   0.04379  80.0   3.37     0  0.398  5.787  31.1  6.6115    4  337   \n",
       "309  0.34940   0.0   9.90     0  0.544  5.972  76.7  3.1025    4  304   \n",
       "315  0.25356   0.0   9.90     0  0.544  5.705  77.7  3.9450    4  304   \n",
       "211  0.37578   0.0  10.59     1  0.489  5.404  88.6  3.6650    4  277   \n",
       "100  0.14866   0.0   8.56     0  0.520  6.727  79.9  2.7778    5  384   \n",
       "56   0.02055  85.0   0.74     0  0.410  6.383  35.7  9.1876    2  313   \n",
       "324  0.34109   0.0   7.38     0  0.493  6.415  40.1  4.7211    5  287   \n",
       "467  4.42228   0.0  18.10     0  0.584  6.003  94.5  2.5403   24  666   \n",
       "248  0.16439  22.0   5.86     0  0.431  6.433  49.1  7.8265    7  330   \n",
       "\n",
       "     PTRATIO  LSTAT  MEDV  \n",
       "74      18.7   6.78  24.1  \n",
       "66      16.1  10.24  19.4  \n",
       "309     18.4   9.97  20.3  \n",
       "315     18.4  11.50  16.2  \n",
       "211     18.6  23.98  19.3  \n",
       "100     20.9   9.42  27.5  \n",
       "56      17.3   5.77  24.7  \n",
       "324     19.6   6.12  25.0  \n",
       "467     20.2  21.32  19.1  \n",
       "248     19.1   9.52  24.5  "
      ]
     },
     "execution_count": 7,
     "metadata": {},
     "output_type": "execute_result"
    }
   ],
   "source": [
    "\n",
    "df=pd.read_csv('boston.csv')\n",
    "#name not reqd so drop\n",
    "\n",
    "#df = df.drop('car name', axis = 1)\n",
    "df.sample(10)"
   ]
  },
  {
   "cell_type": "markdown",
   "metadata": {},
   "source": [
    "### Check the shape of the dataset"
   ]
  },
  {
   "cell_type": "code",
   "execution_count": null,
   "metadata": {},
   "outputs": [],
   "source": [
    "df.shape"
   ]
  },
  {
   "cell_type": "markdown",
   "metadata": {},
   "source": [
    "### Get the info regarding column datatypes"
   ]
  },
  {
   "cell_type": "code",
   "execution_count": 5,
   "metadata": {
    "scrolled": false
   },
   "outputs": [
    {
     "name": "stdout",
     "output_type": "stream",
     "text": [
      "<class 'pandas.core.frame.DataFrame'>\n",
      "RangeIndex: 506 entries, 0 to 505\n",
      "Data columns (total 13 columns):\n",
      " #   Column   Non-Null Count  Dtype  \n",
      "---  ------   --------------  -----  \n",
      " 0   CRIM     506 non-null    float64\n",
      " 1   ZN       506 non-null    float64\n",
      " 2   INDUS    506 non-null    float64\n",
      " 3   CHAS     506 non-null    int64  \n",
      " 4   NX       506 non-null    float64\n",
      " 5   RM       506 non-null    float64\n",
      " 6   AGE      506 non-null    float64\n",
      " 7   DIS      506 non-null    float64\n",
      " 8   RAD      506 non-null    int64  \n",
      " 9   TAX      506 non-null    int64  \n",
      " 10  PTRATIO  506 non-null    float64\n",
      " 11  LSTAT    506 non-null    float64\n",
      " 12  MEDV     506 non-null    float64\n",
      "dtypes: float64(10), int64(3)\n",
      "memory usage: 51.5 KB\n"
     ]
    }
   ],
   "source": [
    "df.info()"
   ]
  },
  {
   "cell_type": "markdown",
   "metadata": {},
   "source": [
    "### Get summary statistics for the numerical columns"
   ]
  },
  {
   "cell_type": "code",
   "execution_count": 6,
   "metadata": {},
   "outputs": [
    {
     "data": {
      "text/html": [
       "<div>\n",
       "<style scoped>\n",
       "    .dataframe tbody tr th:only-of-type {\n",
       "        vertical-align: middle;\n",
       "    }\n",
       "\n",
       "    .dataframe tbody tr th {\n",
       "        vertical-align: top;\n",
       "    }\n",
       "\n",
       "    .dataframe thead th {\n",
       "        text-align: right;\n",
       "    }\n",
       "</style>\n",
       "<table border=\"1\" class=\"dataframe\">\n",
       "  <thead>\n",
       "    <tr style=\"text-align: right;\">\n",
       "      <th></th>\n",
       "      <th>CRIM</th>\n",
       "      <th>ZN</th>\n",
       "      <th>INDUS</th>\n",
       "      <th>CHAS</th>\n",
       "      <th>NX</th>\n",
       "      <th>RM</th>\n",
       "      <th>AGE</th>\n",
       "      <th>DIS</th>\n",
       "      <th>RAD</th>\n",
       "      <th>TAX</th>\n",
       "      <th>PTRATIO</th>\n",
       "      <th>LSTAT</th>\n",
       "      <th>MEDV</th>\n",
       "    </tr>\n",
       "  </thead>\n",
       "  <tbody>\n",
       "    <tr>\n",
       "      <th>count</th>\n",
       "      <td>506.000000</td>\n",
       "      <td>506.000000</td>\n",
       "      <td>506.000000</td>\n",
       "      <td>506.000000</td>\n",
       "      <td>506.000000</td>\n",
       "      <td>506.000000</td>\n",
       "      <td>506.000000</td>\n",
       "      <td>506.000000</td>\n",
       "      <td>506.000000</td>\n",
       "      <td>506.000000</td>\n",
       "      <td>506.000000</td>\n",
       "      <td>506.000000</td>\n",
       "      <td>506.000000</td>\n",
       "    </tr>\n",
       "    <tr>\n",
       "      <th>mean</th>\n",
       "      <td>3.613524</td>\n",
       "      <td>11.363636</td>\n",
       "      <td>11.136779</td>\n",
       "      <td>0.069170</td>\n",
       "      <td>0.554695</td>\n",
       "      <td>6.284634</td>\n",
       "      <td>68.574901</td>\n",
       "      <td>3.795043</td>\n",
       "      <td>9.549407</td>\n",
       "      <td>408.237154</td>\n",
       "      <td>18.455534</td>\n",
       "      <td>12.653063</td>\n",
       "      <td>22.532806</td>\n",
       "    </tr>\n",
       "    <tr>\n",
       "      <th>std</th>\n",
       "      <td>8.601545</td>\n",
       "      <td>23.322453</td>\n",
       "      <td>6.860353</td>\n",
       "      <td>0.253994</td>\n",
       "      <td>0.115878</td>\n",
       "      <td>0.702617</td>\n",
       "      <td>28.148861</td>\n",
       "      <td>2.105710</td>\n",
       "      <td>8.707259</td>\n",
       "      <td>168.537116</td>\n",
       "      <td>2.164946</td>\n",
       "      <td>7.141062</td>\n",
       "      <td>9.197104</td>\n",
       "    </tr>\n",
       "    <tr>\n",
       "      <th>min</th>\n",
       "      <td>0.006320</td>\n",
       "      <td>0.000000</td>\n",
       "      <td>0.460000</td>\n",
       "      <td>0.000000</td>\n",
       "      <td>0.385000</td>\n",
       "      <td>3.561000</td>\n",
       "      <td>2.900000</td>\n",
       "      <td>1.129600</td>\n",
       "      <td>1.000000</td>\n",
       "      <td>187.000000</td>\n",
       "      <td>12.600000</td>\n",
       "      <td>1.730000</td>\n",
       "      <td>5.000000</td>\n",
       "    </tr>\n",
       "    <tr>\n",
       "      <th>25%</th>\n",
       "      <td>0.082045</td>\n",
       "      <td>0.000000</td>\n",
       "      <td>5.190000</td>\n",
       "      <td>0.000000</td>\n",
       "      <td>0.449000</td>\n",
       "      <td>5.885500</td>\n",
       "      <td>45.025000</td>\n",
       "      <td>2.100175</td>\n",
       "      <td>4.000000</td>\n",
       "      <td>279.000000</td>\n",
       "      <td>17.400000</td>\n",
       "      <td>6.950000</td>\n",
       "      <td>17.025000</td>\n",
       "    </tr>\n",
       "    <tr>\n",
       "      <th>50%</th>\n",
       "      <td>0.256510</td>\n",
       "      <td>0.000000</td>\n",
       "      <td>9.690000</td>\n",
       "      <td>0.000000</td>\n",
       "      <td>0.538000</td>\n",
       "      <td>6.208500</td>\n",
       "      <td>77.500000</td>\n",
       "      <td>3.207450</td>\n",
       "      <td>5.000000</td>\n",
       "      <td>330.000000</td>\n",
       "      <td>19.050000</td>\n",
       "      <td>11.360000</td>\n",
       "      <td>21.200000</td>\n",
       "    </tr>\n",
       "    <tr>\n",
       "      <th>75%</th>\n",
       "      <td>3.677083</td>\n",
       "      <td>12.500000</td>\n",
       "      <td>18.100000</td>\n",
       "      <td>0.000000</td>\n",
       "      <td>0.624000</td>\n",
       "      <td>6.623500</td>\n",
       "      <td>94.075000</td>\n",
       "      <td>5.188425</td>\n",
       "      <td>24.000000</td>\n",
       "      <td>666.000000</td>\n",
       "      <td>20.200000</td>\n",
       "      <td>16.955000</td>\n",
       "      <td>25.000000</td>\n",
       "    </tr>\n",
       "    <tr>\n",
       "      <th>max</th>\n",
       "      <td>88.976200</td>\n",
       "      <td>100.000000</td>\n",
       "      <td>27.740000</td>\n",
       "      <td>1.000000</td>\n",
       "      <td>0.871000</td>\n",
       "      <td>8.780000</td>\n",
       "      <td>100.000000</td>\n",
       "      <td>12.126500</td>\n",
       "      <td>24.000000</td>\n",
       "      <td>711.000000</td>\n",
       "      <td>22.000000</td>\n",
       "      <td>37.970000</td>\n",
       "      <td>50.000000</td>\n",
       "    </tr>\n",
       "  </tbody>\n",
       "</table>\n",
       "</div>"
      ],
      "text/plain": [
       "             CRIM          ZN       INDUS        CHAS          NX          RM  \\\n",
       "count  506.000000  506.000000  506.000000  506.000000  506.000000  506.000000   \n",
       "mean     3.613524   11.363636   11.136779    0.069170    0.554695    6.284634   \n",
       "std      8.601545   23.322453    6.860353    0.253994    0.115878    0.702617   \n",
       "min      0.006320    0.000000    0.460000    0.000000    0.385000    3.561000   \n",
       "25%      0.082045    0.000000    5.190000    0.000000    0.449000    5.885500   \n",
       "50%      0.256510    0.000000    9.690000    0.000000    0.538000    6.208500   \n",
       "75%      3.677083   12.500000   18.100000    0.000000    0.624000    6.623500   \n",
       "max     88.976200  100.000000   27.740000    1.000000    0.871000    8.780000   \n",
       "\n",
       "              AGE         DIS         RAD         TAX     PTRATIO       LSTAT  \\\n",
       "count  506.000000  506.000000  506.000000  506.000000  506.000000  506.000000   \n",
       "mean    68.574901    3.795043    9.549407  408.237154   18.455534   12.653063   \n",
       "std     28.148861    2.105710    8.707259  168.537116    2.164946    7.141062   \n",
       "min      2.900000    1.129600    1.000000  187.000000   12.600000    1.730000   \n",
       "25%     45.025000    2.100175    4.000000  279.000000   17.400000    6.950000   \n",
       "50%     77.500000    3.207450    5.000000  330.000000   19.050000   11.360000   \n",
       "75%     94.075000    5.188425   24.000000  666.000000   20.200000   16.955000   \n",
       "max    100.000000   12.126500   24.000000  711.000000   22.000000   37.970000   \n",
       "\n",
       "             MEDV  \n",
       "count  506.000000  \n",
       "mean    22.532806  \n",
       "std      9.197104  \n",
       "min      5.000000  \n",
       "25%     17.025000  \n",
       "50%     21.200000  \n",
       "75%     25.000000  \n",
       "max     50.000000  "
      ]
     },
     "execution_count": 6,
     "metadata": {},
     "output_type": "execute_result"
    }
   ],
   "source": [
    "df.describe()"
   ]
  },
  {
   "cell_type": "markdown",
   "metadata": {},
   "source": [
    "### Exploratory Data Analysis"
   ]
  },
  {
   "cell_type": "markdown",
   "metadata": {},
   "source": [
    "**Plot the distribution plots for all the numerical features and list your observations.**"
   ]
  },
  {
   "cell_type": "code",
   "execution_count": 9,
   "metadata": {},
   "outputs": [
    {
     "data": {
      "text/html": [
       "<div>\n",
       "<style scoped>\n",
       "    .dataframe tbody tr th:only-of-type {\n",
       "        vertical-align: middle;\n",
       "    }\n",
       "\n",
       "    .dataframe tbody tr th {\n",
       "        vertical-align: top;\n",
       "    }\n",
       "\n",
       "    .dataframe thead th {\n",
       "        text-align: right;\n",
       "    }\n",
       "</style>\n",
       "<table border=\"1\" class=\"dataframe\">\n",
       "  <thead>\n",
       "    <tr style=\"text-align: right;\">\n",
       "      <th></th>\n",
       "      <th>CRIM</th>\n",
       "      <th>ZN</th>\n",
       "      <th>INDUS</th>\n",
       "      <th>CHAS</th>\n",
       "      <th>NX</th>\n",
       "      <th>RM</th>\n",
       "      <th>AGE</th>\n",
       "      <th>DIS</th>\n",
       "      <th>RAD</th>\n",
       "      <th>TAX</th>\n",
       "      <th>PTRATIO</th>\n",
       "      <th>LSTAT</th>\n",
       "      <th>MEDV</th>\n",
       "    </tr>\n",
       "  </thead>\n",
       "  <tbody>\n",
       "    <tr>\n",
       "      <th>CRIM</th>\n",
       "      <td>1.000000</td>\n",
       "      <td>-0.200469</td>\n",
       "      <td>0.406583</td>\n",
       "      <td>-0.055892</td>\n",
       "      <td>0.420972</td>\n",
       "      <td>-0.219247</td>\n",
       "      <td>0.352734</td>\n",
       "      <td>-0.379670</td>\n",
       "      <td>0.625505</td>\n",
       "      <td>0.582764</td>\n",
       "      <td>0.289946</td>\n",
       "      <td>0.455621</td>\n",
       "      <td>-0.388305</td>\n",
       "    </tr>\n",
       "    <tr>\n",
       "      <th>ZN</th>\n",
       "      <td>-0.200469</td>\n",
       "      <td>1.000000</td>\n",
       "      <td>-0.533828</td>\n",
       "      <td>-0.042697</td>\n",
       "      <td>-0.516604</td>\n",
       "      <td>0.311991</td>\n",
       "      <td>-0.569537</td>\n",
       "      <td>0.664408</td>\n",
       "      <td>-0.311948</td>\n",
       "      <td>-0.314563</td>\n",
       "      <td>-0.391679</td>\n",
       "      <td>-0.412995</td>\n",
       "      <td>0.360445</td>\n",
       "    </tr>\n",
       "    <tr>\n",
       "      <th>INDUS</th>\n",
       "      <td>0.406583</td>\n",
       "      <td>-0.533828</td>\n",
       "      <td>1.000000</td>\n",
       "      <td>0.062938</td>\n",
       "      <td>0.763651</td>\n",
       "      <td>-0.391676</td>\n",
       "      <td>0.644779</td>\n",
       "      <td>-0.708027</td>\n",
       "      <td>0.595129</td>\n",
       "      <td>0.720760</td>\n",
       "      <td>0.383248</td>\n",
       "      <td>0.603800</td>\n",
       "      <td>-0.483725</td>\n",
       "    </tr>\n",
       "    <tr>\n",
       "      <th>CHAS</th>\n",
       "      <td>-0.055892</td>\n",
       "      <td>-0.042697</td>\n",
       "      <td>0.062938</td>\n",
       "      <td>1.000000</td>\n",
       "      <td>0.091203</td>\n",
       "      <td>0.091251</td>\n",
       "      <td>0.086518</td>\n",
       "      <td>-0.099176</td>\n",
       "      <td>-0.007368</td>\n",
       "      <td>-0.035587</td>\n",
       "      <td>-0.121515</td>\n",
       "      <td>-0.053929</td>\n",
       "      <td>0.175260</td>\n",
       "    </tr>\n",
       "    <tr>\n",
       "      <th>NX</th>\n",
       "      <td>0.420972</td>\n",
       "      <td>-0.516604</td>\n",
       "      <td>0.763651</td>\n",
       "      <td>0.091203</td>\n",
       "      <td>1.000000</td>\n",
       "      <td>-0.302188</td>\n",
       "      <td>0.731470</td>\n",
       "      <td>-0.769230</td>\n",
       "      <td>0.611441</td>\n",
       "      <td>0.668023</td>\n",
       "      <td>0.188933</td>\n",
       "      <td>0.590879</td>\n",
       "      <td>-0.427321</td>\n",
       "    </tr>\n",
       "    <tr>\n",
       "      <th>RM</th>\n",
       "      <td>-0.219247</td>\n",
       "      <td>0.311991</td>\n",
       "      <td>-0.391676</td>\n",
       "      <td>0.091251</td>\n",
       "      <td>-0.302188</td>\n",
       "      <td>1.000000</td>\n",
       "      <td>-0.240265</td>\n",
       "      <td>0.205246</td>\n",
       "      <td>-0.209847</td>\n",
       "      <td>-0.292048</td>\n",
       "      <td>-0.355501</td>\n",
       "      <td>-0.613808</td>\n",
       "      <td>0.695360</td>\n",
       "    </tr>\n",
       "    <tr>\n",
       "      <th>AGE</th>\n",
       "      <td>0.352734</td>\n",
       "      <td>-0.569537</td>\n",
       "      <td>0.644779</td>\n",
       "      <td>0.086518</td>\n",
       "      <td>0.731470</td>\n",
       "      <td>-0.240265</td>\n",
       "      <td>1.000000</td>\n",
       "      <td>-0.747881</td>\n",
       "      <td>0.456022</td>\n",
       "      <td>0.506456</td>\n",
       "      <td>0.261515</td>\n",
       "      <td>0.602339</td>\n",
       "      <td>-0.376955</td>\n",
       "    </tr>\n",
       "    <tr>\n",
       "      <th>DIS</th>\n",
       "      <td>-0.379670</td>\n",
       "      <td>0.664408</td>\n",
       "      <td>-0.708027</td>\n",
       "      <td>-0.099176</td>\n",
       "      <td>-0.769230</td>\n",
       "      <td>0.205246</td>\n",
       "      <td>-0.747881</td>\n",
       "      <td>1.000000</td>\n",
       "      <td>-0.494588</td>\n",
       "      <td>-0.534432</td>\n",
       "      <td>-0.232471</td>\n",
       "      <td>-0.496996</td>\n",
       "      <td>0.249929</td>\n",
       "    </tr>\n",
       "    <tr>\n",
       "      <th>RAD</th>\n",
       "      <td>0.625505</td>\n",
       "      <td>-0.311948</td>\n",
       "      <td>0.595129</td>\n",
       "      <td>-0.007368</td>\n",
       "      <td>0.611441</td>\n",
       "      <td>-0.209847</td>\n",
       "      <td>0.456022</td>\n",
       "      <td>-0.494588</td>\n",
       "      <td>1.000000</td>\n",
       "      <td>0.910228</td>\n",
       "      <td>0.464741</td>\n",
       "      <td>0.488676</td>\n",
       "      <td>-0.381626</td>\n",
       "    </tr>\n",
       "    <tr>\n",
       "      <th>TAX</th>\n",
       "      <td>0.582764</td>\n",
       "      <td>-0.314563</td>\n",
       "      <td>0.720760</td>\n",
       "      <td>-0.035587</td>\n",
       "      <td>0.668023</td>\n",
       "      <td>-0.292048</td>\n",
       "      <td>0.506456</td>\n",
       "      <td>-0.534432</td>\n",
       "      <td>0.910228</td>\n",
       "      <td>1.000000</td>\n",
       "      <td>0.460853</td>\n",
       "      <td>0.543993</td>\n",
       "      <td>-0.468536</td>\n",
       "    </tr>\n",
       "    <tr>\n",
       "      <th>PTRATIO</th>\n",
       "      <td>0.289946</td>\n",
       "      <td>-0.391679</td>\n",
       "      <td>0.383248</td>\n",
       "      <td>-0.121515</td>\n",
       "      <td>0.188933</td>\n",
       "      <td>-0.355501</td>\n",
       "      <td>0.261515</td>\n",
       "      <td>-0.232471</td>\n",
       "      <td>0.464741</td>\n",
       "      <td>0.460853</td>\n",
       "      <td>1.000000</td>\n",
       "      <td>0.374044</td>\n",
       "      <td>-0.507787</td>\n",
       "    </tr>\n",
       "    <tr>\n",
       "      <th>LSTAT</th>\n",
       "      <td>0.455621</td>\n",
       "      <td>-0.412995</td>\n",
       "      <td>0.603800</td>\n",
       "      <td>-0.053929</td>\n",
       "      <td>0.590879</td>\n",
       "      <td>-0.613808</td>\n",
       "      <td>0.602339</td>\n",
       "      <td>-0.496996</td>\n",
       "      <td>0.488676</td>\n",
       "      <td>0.543993</td>\n",
       "      <td>0.374044</td>\n",
       "      <td>1.000000</td>\n",
       "      <td>-0.737663</td>\n",
       "    </tr>\n",
       "    <tr>\n",
       "      <th>MEDV</th>\n",
       "      <td>-0.388305</td>\n",
       "      <td>0.360445</td>\n",
       "      <td>-0.483725</td>\n",
       "      <td>0.175260</td>\n",
       "      <td>-0.427321</td>\n",
       "      <td>0.695360</td>\n",
       "      <td>-0.376955</td>\n",
       "      <td>0.249929</td>\n",
       "      <td>-0.381626</td>\n",
       "      <td>-0.468536</td>\n",
       "      <td>-0.507787</td>\n",
       "      <td>-0.737663</td>\n",
       "      <td>1.000000</td>\n",
       "    </tr>\n",
       "  </tbody>\n",
       "</table>\n",
       "</div>"
      ],
      "text/plain": [
       "             CRIM        ZN     INDUS      CHAS        NX        RM       AGE  \\\n",
       "CRIM     1.000000 -0.200469  0.406583 -0.055892  0.420972 -0.219247  0.352734   \n",
       "ZN      -0.200469  1.000000 -0.533828 -0.042697 -0.516604  0.311991 -0.569537   \n",
       "INDUS    0.406583 -0.533828  1.000000  0.062938  0.763651 -0.391676  0.644779   \n",
       "CHAS    -0.055892 -0.042697  0.062938  1.000000  0.091203  0.091251  0.086518   \n",
       "NX       0.420972 -0.516604  0.763651  0.091203  1.000000 -0.302188  0.731470   \n",
       "RM      -0.219247  0.311991 -0.391676  0.091251 -0.302188  1.000000 -0.240265   \n",
       "AGE      0.352734 -0.569537  0.644779  0.086518  0.731470 -0.240265  1.000000   \n",
       "DIS     -0.379670  0.664408 -0.708027 -0.099176 -0.769230  0.205246 -0.747881   \n",
       "RAD      0.625505 -0.311948  0.595129 -0.007368  0.611441 -0.209847  0.456022   \n",
       "TAX      0.582764 -0.314563  0.720760 -0.035587  0.668023 -0.292048  0.506456   \n",
       "PTRATIO  0.289946 -0.391679  0.383248 -0.121515  0.188933 -0.355501  0.261515   \n",
       "LSTAT    0.455621 -0.412995  0.603800 -0.053929  0.590879 -0.613808  0.602339   \n",
       "MEDV    -0.388305  0.360445 -0.483725  0.175260 -0.427321  0.695360 -0.376955   \n",
       "\n",
       "              DIS       RAD       TAX   PTRATIO     LSTAT      MEDV  \n",
       "CRIM    -0.379670  0.625505  0.582764  0.289946  0.455621 -0.388305  \n",
       "ZN       0.664408 -0.311948 -0.314563 -0.391679 -0.412995  0.360445  \n",
       "INDUS   -0.708027  0.595129  0.720760  0.383248  0.603800 -0.483725  \n",
       "CHAS    -0.099176 -0.007368 -0.035587 -0.121515 -0.053929  0.175260  \n",
       "NX      -0.769230  0.611441  0.668023  0.188933  0.590879 -0.427321  \n",
       "RM       0.205246 -0.209847 -0.292048 -0.355501 -0.613808  0.695360  \n",
       "AGE     -0.747881  0.456022  0.506456  0.261515  0.602339 -0.376955  \n",
       "DIS      1.000000 -0.494588 -0.534432 -0.232471 -0.496996  0.249929  \n",
       "RAD     -0.494588  1.000000  0.910228  0.464741  0.488676 -0.381626  \n",
       "TAX     -0.534432  0.910228  1.000000  0.460853  0.543993 -0.468536  \n",
       "PTRATIO -0.232471  0.464741  0.460853  1.000000  0.374044 -0.507787  \n",
       "LSTAT   -0.496996  0.488676  0.543993  0.374044  1.000000 -0.737663  \n",
       "MEDV     0.249929 -0.381626 -0.468536 -0.507787 -0.737663  1.000000  "
      ]
     },
     "execution_count": 9,
     "metadata": {},
     "output_type": "execute_result"
    }
   ],
   "source": [
    "#Check corelation \n",
    "\n",
    "df.corr().T"
   ]
  },
  {
   "cell_type": "code",
   "execution_count": 16,
   "metadata": {},
   "outputs": [
    {
     "data": {
      "text/plain": [
       "<AxesSubplot:>"
      ]
     },
     "execution_count": 16,
     "metadata": {},
     "output_type": "execute_result"
    },
    {
     "data": {
